,948    ,2237  ,2715    ,24
,948    ,2237  ,24      ,1089 
,948    ,3302  ,1855    ,24
,2988   ,3302  ,1516    ,24
,948    ,2631  ,1504    ,24
,2538   ,2631  ,357     ,24
,2980   ,2631  ,75      ,24
,3334   ,2633  ,173     ,24
,3592   ,2633  ,71      ,24
,1225   ,2630  ,24      ,106
,1225   ,2820  ,24      ,505
,1225   ,2907  ,181     ,24
,1427   ,2907  ,218     ,24
,1731   ,2907  ,213     ,24
,2030   ,2907  ,251     ,24
,2365   ,2907  ,229     ,24
,2679   ,2907  ,76      ,24
,3042   ,2907  ,68      ,24
,3145   ,2907  ,207     ,24
,3487   ,2907  ,176     ,24
,1828   ,2907  ,24      ,402
,2080   ,2907  ,24      ,402
,2406   ,2907  ,24      ,402
,2731   ,2907  ,24      ,402
,3042   ,2907  ,24      ,402
,3334   ,2907  ,24      ,402
,3637   ,2907  ,24      ,402
,2626   ,2337  ,24      ,406
,3031   ,2337  ,24      ,406
,3333   ,2337  ,24      ,406
,3638   ,2856  ,24      ,2144
,3638   ,2150  ,24      ,561
,3638   ,1828  ,24      ,233
,3333   ,1828  ,330     ,24
,3333   ,1828  ,24      ,831
,1207   ,2355  ,361     ,72
,1688   ,2660  ,270     ,46

,2250   ,2440  ,377     ,62
,2099   ,2440  ,62      ,377

,971    ,2652  ,76      ,651
,1560   ,3030  ,200     ,200
,1851   ,2930  ,57      ,33
,2649   ,2258  ,227     ,169
,3455   ,1938  ,70      ,300
,1999   ,1684  ,170     ,170
,493    ,1854  ,310     ,310
,1167   ,4128  ,220     ,420

,3861   ,2194  ,70      ,265
,1562   ,2194  ,70      ,265
,1036   ,2194  ,70      ,265

,4030   ,595   ,265     ,70
,4555   ,595   ,265     ,70
,3920   ,600   ,82      ,62